distortion_model: "non-fisheye"
width: 1280
height: 720
D: [-0.483677,-2.22174,0.000402188,-0.000159958]
K: [607.321,0.0,642.544,0.0,607.091,367.824,0.0,0.0,1]
